{"0":{"c":[1,0,0,0,0,1,0,0,0,0,1,0,0,1,4,1],"p":[1,0,0,0,0,1,0,0,0,0,1,0,10,0.537255,1,1]},"1":{"p":[1,0,0,0,0,1,0,0,0,0,1,0,0,0.815686,0,1]},"2":{"p":[1,0,0,0,0,1,0,0,0,0,1,0,0,0.815686,0,1]},"3":{"p":[1,0,0,0,0,1,0,0,0,0,1,0,0,0.815686,0,1]}}
{"0":{"c":[1,0,0,0,0,0.999998,-0.00174533,0,0,0.00174533,0.999998,0,0,1.00698,3.99825,1],"p":[1,0,0,0,0,1,0,0,0,0,1,0,10,0.537255,1,1]},"1":{"p":[1,0,0,0,0,1,0,0,0,0,1,0,0,0.815686,0,1]},"2":{"p":[1,0,0,0,0,1,0,0,0,0,1,0,0,0.815686,0,1]},"3":{"p":[1,0,0,0,0,1,0,0,0,0,1,0,0,0.815686,0,1]}}
{"0":{"p":[1,0,0,0,0,1,0,0,0,0,1,0,10,0.537255,1,1]},"1":{"p":[1,0,0,0,0,1,0,0,0,0,1,0,0,0.815686,0,1]},"2":{"p":[1,0,0,0,0,1,0,0,0,0,1,0,0,0.815686,0,1]},"3":{"p":[1,0,0,0,0,1,0,0,0,0,1,0,0,0.815686,0,1]}}
{"0":{"c":[1,0,0,0,0,0.999998,-0.00174533,0,0,0.00174533,0.999998,0,0,1.00698,3.99825,1],"p":[1,0,0,0,0,1,0,0,0,0,1,0,10,0.537255,1,1]},"1":{"p":[1,0,0,0,0,1,0,0,0,0,1,0,0,0.815686,0,1]},"2":{"p":[1,0,0,0,0,1,0,0,0,0,1,0,0,0.815686,0,1]},"3":{"p":[1,0,0,0,0,1,0,0,0,0,1,0,0,0.815686,0,1]}}
{"0":{"c":[1,0,0,0,0,0.999998,-0.00174533,0,0,0.00174533,0.999998,0,0,1.00698,3.99825,1],"p":[1,0,0,0,0,1,0,0,0,0,1,0,10,0.537255,1,1]},"1":{"p":[1,0,0,0,0,1,0,0,0,0,1,0,0,0.815686,0,1]},"2":{"p":[1,0,0,0,0,1,0,0,0,0,1,0,0,0.815686,0,1]},"3":{"p":[1,0,0,0,0,1,0,0,0,0,1,0,0,0.815686,0,1]}}
{"0":{"p":[1,0,0,0,0,1,0,0,0,0,1,0,10,0.537255,1,1]},"1":{"p":[1,0,0,0,0,1,0,0,0,0,1,0,0,0.815686,0,1]},"2":{"p":[1,0,0,0,0,1,0,0,0,0,1,0,0,0.815686,0,1]},"3":{"p":[1,0,0,0,0,1,0,0,0,0,1,0,0,0.815686,0,1]}}
{"0":{"c":[1,0,0,0,0,0.999998,-0.00174533,0,0,0.00174533,0.999998,0,0,1.00698,3.99825,1],"p":[1,0,0,0,0,1,0,0,0,0,1,0,10,0.537255,1,1]},"1":{"p":[1,0,0,0,0,1,0,0,0,0,1,0,0,0.815686,0,1]},"2":{"p":[1,0,0,0,0,1,0,0,0,0,1,0,0,0.815686,0,1]},"3":{"p":[1,0,0,0,0,1,0,0,0,0,1,0,0,0.815686,0,1]}}
{"0":{"c":[1,0,0,0,0,0.999998,-0.00174533,0,0,0.00174533,0.999998,0,0,1.00698,3.99825,1],"p":[0.999998,0,-0.00174533,0,0,1,0,0,0.00174533,0,0.999998,0,10,0.537255,1,1]},"1":{"p":[1,0,0,0,0,1,0,0,0,0,1,0,0,0.815686,0,1]},"2":{"p":[1,0,0,0,0,1,0,0,0,0,1,0,0,0.815686,0,1]},"3":{"p":[1,0,0,0,0,1,0,0,0,0,1,0,0,0.815686,0,1]}}
{"0":{"p":[0.999945,0,-0.0104718,0,0,1,0,0,0.0104718,0,0.999945,0,10,0.537255,1,1]},"1":{"p":[1,0,0,0,0,1,0,0,0,0,1,0,0,0.815686,0,1]},"2":{"p":[1,0,0,0,0,1,0,0,0,0,1,0,0,0.815686,0,1]},"3":{"p":[1,0,0,0,0,1,0,0,0,0,1,0,0,0.815686,0,1]}}
{"0":{"p":[0.999816,0,-0.0191974,0,0,1,0,0,0.0191974,0,0.999816,0,10,0.537255,1,1]},"1":{"p":[1,0,0,0,0,1,0,0,0,0,1,0,0,0.815686,0,1]},"2":{"p":[1,0,0,0,0,1,0,0,0,0,1,0,0,0.815686,0,1]},"3":{"p":[1,0,0,0,0,1,0,0,0,0,1,0,0,0.815686,0,1]}}
{"0":{"c":[1,0,0,0,0,0.999816,0.0191974,0,0,-0.0191974,0.999816,0,0,0.923026,4.01846,1],"p":[0.999657,0,-0.0261769,0,0,1,0,0,0.0261769,0,0.999657,0,10,0.537255,1,1]},"1":{"p":[1,0,0,0,0,1,0,0,0,0,1,0,0,0.815686,0,1]},"2":{"p":[1,0,0,0,0,1,0,0,0,0,1,0,0,0.815686,0,1]},"3":{"p":[1,0,0,0,0,1,0,0,0,0,1,0,0,0.815686,0,1]}}
{"0":{"c":[1,0,0,0,0,0.999701,0.0244322,0,0,-0.0244322,0.999701,0,0,0.901973,4.02324,1],"p":[0.99956,0,-0.0296662,0,0,1,0,0,0.0296662,0,0.99956,0,10,0.537255,1,1]},"1":{"p":[1,0,0,0,0,1,0,0,0,0,1,0,0,0.815686,0,1]},"2":{"p":[1,0,0,0,0,1,0,0,0,0,1,0,0,0.815686,0,1]},"3":{"p":[1,0,0,0,0,1,0,0,0,0,1,0,0,0.815686,0,1]}}
{"0":{"p":[0.999506,0,-0.0314108,0,0,1,0,0,0.0314108,0,0.999506,0,10,0.537255,1,1]},"1":{"p":[1,0,0,0,0,1,0,0,0,0,1,0,0,0.815686,0,1]},"2":{"p":[1,0,0,0,0,1,0,0,0,0,1,0,0,0.815686,0,1]},"3":{"p":[1,0,0,0,0,1,0,0,0,0,1,0,0,0.815686,0,1]}}
{"0":{"c":[1,0,0,0,0,0.999657,0.0261769,0,0,-0.0261769,0.999657,0,0,0.89495,4.02481,1],"p":[0.999506,0,-0.0314108,0,0,1,0,0,0.0314108,0,0.999506,0,10,0.537255,1,1]},"1":{"p":[1,0,0,0,0,1,0,0,0,0,1,0,0,0.815686,0,1]},"2":{"p":[1,0,0,0,0,1,0,0,0,0,1,0,0,0.815686,0,1]},"3":{"p":[1,0,0,0,0,1,0,0,0,0,1,0,0,0.815686,0,1]}}
{"0":{"c":[1,0,0,0,0,0.999657,0.0261769,0,0,-0.0261769,0.999657,0,0,0.89495,4.02481,1],"p":[0.999506,0,-0.0314108,0,0,1,0,0,0.0314108,0,0.999506,0,10,0.537255,1,1]},"1":{"p":[1,0,0,0,0,1,0,0,0,0,1,0,0,0.815686,0,1]},"2":{"p":[1,0,0,0,0,1,0,0,0,0,1,0,0,0.815686,0,1]},"3":{"p":[1,0,0,0,0,1,0,0,0,0,1,0,0,0.815686,0,1]}}
{"0":{"p":[0.999506,0,-0.0314108,0,0,1,0,0,0.0314108,0,0.999506,0,9.99372,0.527455,0.800099,1]},"1":{"p":[1,0,0,0,0,1,0,0,0,0,1,0,0,0.815686,0,1]},"2":{"p":[1,0,0,0,0,1,0,0,0,0,1,0,0,0.815686,0,1]},"3":{"p":[1,0,0,0,0,1,0,0,0,0,1,0,0,0.815686,0,1]}}
{"0":{"p":[0.999391,0,-0.0348995,0,0,1,0,0,0.0348995,0,0.999391,0,9.98674,0.501975,0.60022,1]},"1":{"p":[1,0,0,0,0,1,0,0,0,0,1,0,0,0.815686,0,1]},"2":{"p":[1,0,0,0,0,1,0,0,0,0,1,0,0,0.815686,0,1]},"3":{"p":[1,0,0,0,0,1,0,0,0,0,1,0,0,0.815686,0,1]}}
{"0":{"p":[0.999048,0,-0.0436194,0,0,1,0,0,0.0436194,0,0.999048,0,9.97801,0.460815,0.400411,1]},"1":{"p":[1,0,0,0,0,1,0,0,0,0,1,0,0,0.815686,0,1]},"2":{"p":[1,0,0,0,0,1,0,0,0,0,1,0,0,0.815686,0,1]},"3":{"p":[1,0,0,0,0,1,0,0,0,0,1,0,0,0.815686,0,1]}}
{"0":{"c":[1,0,0,0,0,1,1.86265e-009,0,0,-1.86265e-009,1,0,0,1,4,1],"p":[0.998629,0,-0.0523359,0,0,1,0,0,0.0523359,0,0.998629,0,9.97278,0.434355,0.300548,1]},"1":{"p":[1,0,0,0,0,1,0,0,0,0,1,0,0,0.815686,0,1]},"2":{"p":[1,0,0,0,0,1,0,0,0,0,1,0,0,0.815686,0,1]},"3":{"p":[1,0,0,0,0,1,0,0,0,0,1,0,0,0.815686,0,1]}}
{"0":{"c":[1,0,0,0,0,0.999701,-0.0244322,0,0,0.0244322,0.999701,0,0,1.09743,3.97437,1],"p":[0.998026,0,-0.0627905,0,0,1,0,0,0.0627905,0,0.998026,0,9.96127,0.412746,0.100882,1]},"1":{"p":[1,0,0,0,0,1,0,0,0,0,1,0,0,0.815686,0,1]},"2":{"p":[1,0,0,0,0,1,0,0,0,0,1,0,0,0.815686,0,1]},"3":{"p":[1,0,0,0,0,1,0,0,0,0,1,0,0,0.815686,0,1]}}
{"0":{"c":[1,0,0,0,0,0.99824,-0.0593064,0,0,0.0593064,0.99824,0,0,1.23547,3.93365,1],"p":[0.997441,0,-0.0714974,0,0,1,0,0,0.0714974,0,0.997441,0,9.94156,0.39902,-0.198467,1]},"1":{"p":[1,0,0,0,0,1,0,0,0,0,1,0,0,0.815686,0,1]},"2":{"p":[1,0,0,0,0,1,0,0,0,0,1,0,0,0.815686,0,1]},"3":{"p":[1,0,0,0,0,1,0,0,0,0,1,0,0,0.815686,0,1]}}
{"0":{"c":[1,0,0,0,0,0.993171,-0.116671,0,0,0.116671,0.993171,0,0,1.45985,3.85601,1],"p":[0.997052,0,-0.076719,0,0,1,0,0,0.076719,0,0.997052,0,9.92673,0.3853,-0.397916,1]},"1":{"p":[1,0,0,0,0,1,0,0,0,0,1,0,0,0.815686,0,1]},"2":{"p":[1,0,0,0,0,1,0,0,0,0,1,0,0,0.815686,0,1]},"3":{"p":[1,0,0,0,0,1,0,0,0,0,1,0,0,0.815686,0,1]}}
{"0":{"c":[1,0,0,0,0,0.988228,-0.152986,0,0,0.152986,0.988228,0,0,1.60017,3.79993,1],"p":[0.997052,0,-0.076719,0,0,1,0,0,0.076719,0,0.997052,0,9.91139,0.3559,-0.597327,1]},"1":{"p":[1,0,0,0,0,1,0,0,0,0,1,0,0,0.815686,0,1]},"2":{"p":[1,0,0,0,0,1,0,0,0,0,1,0,0,0.815686,0,1]},"3":{"p":[1,0,0,0,0,1,0,0,0,0,1,0,0,0.815686,0,1]}}
{"0":{"p":[0.997052,0,-0.076719,0,0,1,0,0,0.076719,0,0.997052,0,9.89605,0.31082,-0.796737,1]},"1":{"p":[1,0,0,0,0,1,0,0,0,0,1,0,0,0.815686,0,1]},"2":{"p":[1,0,0,0,0,1,0,0,0,0,1,0,0,0.815686,0,1]},"3":{"p":[1,0,0,0,0,1,0,0,0,0,1,0,0,0.815686,0,1]}}
{"0":{"c":[1,0,0,0,0,0.985408,-0.170209,0,0,0.170209,0.985408,0,0,1.66625,3.77142,1],"p":[0.997052,0,-0.076719,0,0,1,0,0,0.076719,0,0.997052,0,9.88071,0.27451,-0.996148,1]},"1":{"p":[1,0,0,0,0,1,0,0,0,0,1,0,0,0.815686,0,1]},"2":{"p":[1,0,0,0,0,1,0,0,0,0,1,0,0,0.815686,0,1]},"3":{"p":[1,0,0,0,0,1,0,0,0,0,1,0,0,0.815686,0,1]}}
{"0":{"c":[1,0,0,0,0,0.985408,-0.170209,0,0,0.170209,0.985408,0,0,1.66625,3.77142,1],"p":[0.996779,0,-0.0801989,0,0,1,0,0,0.0801989,0,0.996779,0,9.86502,0.329412,-1.19553,1]},"1":{"p":[1,0,0,0,0,1,0,0,0,0,1,0,0,0.815686,0,1]},"2":{"p":[1,0,0,0,0,1,0,0,0,0,1,0,0,0.815686,0,1]},"3":{"p":[1,0,0,0,0,1,0,0,0,0,1,0,0,0.815686,0,1]}}
{"0":{"c":[1,0,0,0,0,0.985109,-0.171929,0,0,0.171929,0.985109,0,0,1.67283,3.76851,1],"p":[0.996779,0,-0.0801989,0,0,1,0,0,0.0801989,0,0.996779,0,9.84897,0.333333,-1.39489,1]},"1":{"p":[1,0,0,0,0,1,0,0,0,0,1,0,0,0.815686,0,1]},"2":{"p":[1,0,0,0,0,1,0,0,0,0,1,0,0,0.815686,0,1]},"3":{"p":[1,0,0,0,0,1,0,0,0,0,1,0,0,0.815686,0,1]}}
{"0":{"c":[1,0,0,0,0,0.982613,-0.185667,0,0,0.185667,0.982613,0,0,1.72528,3.74478,1],"p":[0.996779,0,-0.0801989,0,0,1,0,0,0.0801989,0,0.996779,0,9.83293,0.338236,-1.59424,1]},"1":{"p":[1,0,0,0,0,1,0,0,0,0,1,0,0,0.815686,0,1]},"2":{"p":[1,0,0,0,0,1,0,0,0,0,1,0,0,0.815686,0,1]},"3":{"p":[1,0,0,0,0,1,0,0,0,0,1,0,0,0.815686,0,1]}}
{"0":{"c":[1,0,0,0,0,0.982613,-0.185667,0,0,0.185667,0.982613,0,0,1.72528,3.74478,1],"p":[0.996779,0,-0.0801989,0,0,1,0,0,0.0801989,0,0.996779,0,9.81689,0.337255,-1.7936,1]},"1":{"p":[1,0,0,0,0,1,0,0,0,0,1,0,0,0.815686,0,1]},"2":{"p":[1,0,0,0,0,1,0,0,0,0,1,0,0,0.815686,0,1]},"3":{"p":[1,0,0,0,0,1,0,0,0,0,1,0,0,0.815686,0,1]}}
{"0":{"c":[1,0,0,0,0,0.982613,-0.185667,0,0,0.185667,0.982613,0,0,1.72528,3.74478,1],"p":[0.996779,0,-0.0801989,0,0,1,0,0,0.0801989,0,0.996779,0,9.80085,0.364706,-1.99295,1]},"1":{"p":[1,0,0,0,0,1,0,0,0,0,1,0,0,0.815686,0,1]},"2":{"p":[1,0,0,0,0,1,0,0,0,0,1,0,0,0.815686,0,1]},"3":{"p":[1,0,0,0,0,1,0,0,0,0,1,0,0,0.815686,0,1]}}
{"0":{"c":[1,0,0,0,0,0.982613,-0.185667,0,0,0.185667,0.982613,0,0,1.72528,3.74478,1],"p":[0.996779,0,-0.0801989,0,0,1,0,0,0.0801989,0,0.996779,0,9.78481,0.375491,-2.19231,1]},"1":{"p":[1,0,0,0,0,1,0,0,0,0,1,0,0,0.815686,0,1]},"2":{"p":[1,0,0,0,0,1,0,0,0,0,1,0,0,0.815686,0,1]},"3":{"p":[1,0,0,0,0,1,0,0,0,0,1,0,0,0.815686,0,1]}}
{"0":{"c":[1,0,0,0,0,0.982613,-0.185667,0,0,0.185667,0.982613,0,0,1.72528,3.74478,1],"p":[0.996779,0,-0.0801989,0,0,1,0,0,0.0801989,0,0.996779,0,9.76877,0.361771,-2.39167,1]},"1":{"p":[1,0,0,0,0,1,0,0,0,0,1,0,0,0.815686,0,1]},"2":{"p":[1,0,0,0,0,1,0,0,0,0,1,0,0,0.815686,0,1]},"3":{"p":[1,0,0,0,0,1,0,0,0,0,1,0,0,0.815686,0,1]}}
{"0":{"c":[1,0,0,0,0,0.982613,-0.185667,0,0,0.185667,0.982613,0,0,1.72528,3.74478,1],"p":[0.996779,0,-0.0801989,0,0,1,0,0,0.0801989,0,0.996779,0,9.65305,0.332371,-2.583,1]},"1":{"p":[1,0,0,0,0,1,0,0,0,0,1,0,0,0.815686,0,1]},"2":{"p":[1,0,0,0,0,1,0,0,0,0,1,0,0,0.815686,0,1]},"3":{"p":[1,0,0,0,0,1,0,0,0,0,1,0,0,0.815686,0,1]}}
{"0":{"c":[1,0,0,0,0,0.982613,-0.185667,0,0,0.185667,0.982613,0,0,1.72528,3.74478,1],"p":[0.996779,0,-0.0801989,0,0,1,0,0,0.0801989,0,0.996779,0,9.32996,0.364706,-2.85798,1]},"1":{"p":[1,0,0,0,0,1,0,0,0,0,1,0,0,0.815686,0,1]},"2":{"p":[1,0,0,0,0,1,0,0,0,0,1,0,0,0.815686,0,1]},"3":{"p":[1,0,0,0,0,1,0,0,0,0,1,0,0,0.815686,0,1]}}
{"0":{"c":[1,0,0,0,0,0.982613,-0.185667,0,0,0.185667,0.982613,0,0,1.72528,3.74478,1],"p":[0.990509,0,-0.137445,0,0,1,0,0,0.137445,0,0.990509,0,9.10946,0.392157,-3.03494,1]},"1":{"p":[1,0,0,0,0,1,0,0,0,0,1,0,0,0.815686,0,1]},"2":{"p":[1,0,0,0,0,1,0,0,0,0,1,0,0,0.815686,0,1]},"3":{"p":[1,0,0,0,0,1,0,0,0,0,1,0,0,0.815686,0,1]}}
{"0":{"p":[0.951594,0,-0.307357,0,0,1,0,0,0.307357,0,0.951594,0,8.74488,0.431373,-3.24909,1]},"1":{"p":[1,0,0,0,0,1,0,0,0,0,1,0,0,0.815686,0,1]},"2":{"p":[1,0,0,0,0,1,0,0,0,0,1,0,0,0.815686,0,1]},"3":{"p":[1,0,0,0,0,1,0,0,0,0,1,0,0,0.815686,0,1]}}
{"0":{"p":[0.885393,0,-0.464842,0,0,1,0,0,0.464842,0,0.885393,0,8.47483,0.438236,-3.3332,1]},"1":{"p":[1,0,0,0,0,1,0,0,0,0,1,0,0,0.815686,0,1]},"2":{"p":[1,0,0,0,0,1,0,0,0,0,1,0,0,0.815686,0,1]},"3":{"p":[1,0,0,0,0,1,0,0,0,0,1,0,0,0.815686,0,1]}}
{"0":{"c":[1,0,0,0,0,0.95319,-0.30237,0,0,0.30237,0.95319,0,0,2.16267,3.51039,1],"p":[0.810041,0,-0.586372,0,0,1,0,0,0.586372,0,0.810041,0,8.20017,0.443137,-3.39763,1]},"1":{"p":[1,0,0,0,0,1,0,0,0,0,1,0,0,0.815686,0,1]},"2":{"p":[1,0,0,0,0,1,0,0,0,0,1,0,0,0.815686,0,1]},"3":{"p":[1,0,0,0,0,1,0,0,0,0,1,0,0,0.815686,0,1]}}
{"0":{"c":[1,0,0,0,0,0.938493,-0.345298,0,0,0.345298,0.938493,0,0,2.31969,3.40867,1],"p":[0.741976,0,-0.670426,0,0,1,0,0,0.670426,0,0.741976,0,7.91929,0.458824,-3.42715,1]},"1":{"p":[1,0,0,0,0,1,0,0,0,0,1,0,0,0.815686,0,1]},"2":{"p":[1,0,0,0,0,1,0,0,0,0,1,0,0,0.815686,0,1]},"3":{"p":[1,0,0,0,0,1,0,0,0,0,1,0,0,0.815686,0,1]}}
{"0":{"c":[1,0,0,0,0,0.929132,-0.369747,0,0,0.369747,0.929132,0,0,2.40812,3.34678,1],"p":[0.645457,0,-0.763796,0,0,1,0,0,0.763796,0,0.645457,0,7.70167,0.47451,-3.49885,1]},"1":{"p":[1,0,0,0,0,1,0,0,0,0,1,0,0,0.815686,0,1]},"2":{"p":[1,0,0,0,0,1,0,0,0,0,1,0,0,0.815686,0,1]},"3":{"p":[1,0,0,0,0,1,0,0,0,0,1,0,0,0.815686,0,1]}}
{"0":{"p":[0.630675,0,-0.776046,0,0,1,0,0,0.776046,0,0.630675,0,7.47008,0.47451,-3.68953,1]},"1":{"p":[1,0,0,0,0,1,0,0,0,0,1,0,0,0.815686,0,1]},"2":{"p":[1,0,0,0,0,1,0,0,0,0,1,0,0,0.815686,0,1]},"3":{"p":[1,0,0,0,0,1,0,0,0,0,1,0,0,0.815686,0,1]}}
{"0":{"p":[0.62932,0,-0.777146,0,0,1,0,0,0.777146,0,0.62932,0,7.31465,0.494118,-3.81539,1]},"1":{"p":[1,0,0,0,0,1,0,0,0,0,1,0,0,0.815686,0,1]},"2":{"p":[1,0,0,0,0,1,0,0,0,0,1,0,0,0.815686,0,1]},"3":{"p":[1,0,0,0,0,1,0,0,0,0,1,0,0,0.815686,0,1]}}
{"0":{"p":[0.62932,0,-0.777146,0,0,1,0,0,0.777146,0,0.62932,0,7.15922,0.501961,-3.94126,1]},"1":{"p":[1,0,0,0,0,1,0,0,0,0,1,0,0,0.815686,0,1]},"2":{"p":[1,0,0,0,0,1,0,0,0,0,1,0,0,0.815686,0,1]},"3":{"p":[1,0,0,0,0,1,0,0,0,0,1,0,0,0.815686,0,1]}}
{"0":{"p":[0.62932,0,-0.777146,0,0,1,0,0,0.777146,0,0.62932,0,7.00379,0.505882,-4.06712,1]},"1":{"p":[1,0,0,0,0,1,0,0,0,0,1,0,0,0.815686,0,1]},"2":{"p":[1,0,0,0,0,1,0,0,0,0,1,0,0,0.815686,0,1]},"3":{"p":[1,0,0,0,0,1,0,0,0,0,1,0,0,0.815686,0,1]}}
{"0":{"p":[0.62932,0,-0.777146,0,0,1,0,0,0.777146,0,0.62932,0,6.84836,0.506864,-4.19299,1]},"1":{"p":[1,0,0,0,0,1,0,0,0,0,1,0,0,0.815686,0,1]},"2":{"p":[1,0,0,0,0,1,0,0,0,0,1,0,0,0.815686,0,1]},"3":{"p":[1,0,0,0,0,1,0,0,0,0,1,0,0,0.815686,0,1]}}
{"0":{"p":[0.62932,0,-0.777146,0,0,1,0,0,0.777146,0,0.62932,0,6.69293,0.513726,-4.31885,1]},"1":{"p":[1,0,0,0,0,1,0,0,0,0,1,0,0,0.815686,0,1]},"2":{"p":[1,0,0,0,0,1,0,0,0,0,1,0,0,0.815686,0,1]},"3":{"p":[1,0,0,0,0,1,0,0,0,0,1,0,0,0.815686,0,1]}}
{"0":{"c":[1,0,0,0,0,0.921863,-0.387516,0,0,0.387516,0.921863,0,0,2.47193,3.29994,1],"p":[0.627963,0,-0.778243,0,0,1,0,0,0.778243,0,0.627963,0,6.53739,0.521569,-4.44458,1]},"1":{"p":[1,0,0,0,0,1,0,0,0,0,1,0,0,0.815686,0,1]},"2":{"p":[1,0,0,0,0,1,0,0,0,0,1,0,0,0.815686,0,1]},"3":{"p":[1,0,0,0,0,1,0,0,0,0,1,0,0,0.815686,0,1]}}
{"0":{"p":[0.621148,0,-0.783693,0,0,1,0,0,0.783693,0,0.621148,0,6.30283,0.529412,-4.6316,1]},"1":{"p":[1,0,0,0,0,1,0,0,0,0,1,0,0,0.815686,0,1]},"2":{"p":[1,0,0,0,0,1,0,0,0,0,1,0,0,0.815686,0,1]},"3":{"p":[1,0,0,0,0,1,0,0,0,0,1,0,0,0.815686,0,1]}}
{"0":{"p":[0.611527,0,-0.791223,0,0,1,0,0,0.791223,0,0.611527,0,6.14458,0.537255,-4.75391,1]},"1":{"p":[1,0,0,0,0,1,0,0,0,0,1,0,0,0.815686,0,1]},"2":{"p":[1,0,0,0,0,1,0,0,0,0,1,0,0,0.815686,0,1]},"3":{"p":[1,0,0,0,0,1,0,0,0,0,1,0,0,0.815686,0,1]}}
{"0":{"p":[0.562083,0,-0.82708,0,0,1,0,0,0.82708,0,0.562083,0,5.97917,0.931375,-4.86633,1]},"1":{"p":[1,0,0,0,0,1,0,0,0,0,1,0,0,0.815686,0,1]},"2":{"p":[1,0,0,0,0,1,0,0,0,0,1,0,0,0.815686,0,1]},"3":{"p":[1,0,0,0,0,1,0,0,0,0,1,0,0,0.815686,0,1]}}
{"0":{"c":[1,0,0,0,0,0.929776,-0.368125,0,0,0.368125,0.929776,0,0,2.40227,3.35098,1],"p":[0.562083,0,-0.82708,0,0,1,0,0,0.82708,0,0.562083,0,5.81375,1.32549,-4.97874,1]},"1":{"p":[1,0,0,0,0,1,0,0,0,0,1,0,0,0.815686,0,1]},"2":{"p":[1,0,0,0,0,1,0,0,0,0,1,0,0,0.815686,0,1]},"3":{"p":[1,0,0,0,0,1,0,0,0,0,1,0,0,0.815686,0,1]}}
{"0":{"p":[0.562083,0,-0.82708,0,0,1,0,0,0.82708,0,0.562083,0,5.56562,1.91667,-5.14737,1]},"1":{"p":[1,0,0,0,0,1,0,0,0,0,1,0,0,0.815686,0,1]},"2":{"p":[1,0,0,0,0,1,0,0,0,0,1,0,0,0.815686,0,1]},"3":{"p":[1,0,0,0,0,1,0,0,0,0,1,0,0,0.815686,0,1]}}
{"0":{"p":[0.562083,0,-0.82708,0,0,1,0,0,0.82708,0,0.562083,0,5.40021,2.3108,-5.25979,1]},"1":{"p":[1,0,0,0,0,1,0,0,0,0,1,0,0,0.815686,0,1]},"2":{"p":[1,0,0,0,0,1,0,0,0,0,1,0,0,0.815686,0,1]},"3":{"p":[1,0,0,0,0,1,0,0,0,0,1,0,0,0.815686,0,1]}}
{"0":{"p":[0.562083,0,-0.82708,0,0,1,0,0,0.82708,0,0.562083,0,5.23479,2.70492,-5.3722,1]},"1":{"p":[1,0,0,0,0,1,0,0,0,0,1,0,0,0.815686,0,1]},"2":{"p":[1,0,0,0,0,1,0,0,0,0,1,0,0,0.815686,0,1]},"3":{"p":[1,0,0,0,0,1,0,0,0,0,1,0,0,0.815686,0,1]}}
{"0":{"c":[1,0,0,0,0,0.930417,-0.366501,0,0,0.366501,0.930417,0,0,2.39642,3.35517,1],"p":[0.562083,0,-0.82708,0,0,1,0,0,0.82708,0,0.562083,0,5.06937,3.09512,-5.48462,1]},"1":{"p":[1,0,0,0,0,1,0,0,0,0,1,0,0,0.815686,0,1]},"2":{"p":[1,0,0,0,0,1,0,0,0,0,1,0,0,0.815686,0,1]},"3":{"p":[1,0,0,0,0,1,0,0,0,0,1,0,0,0.815686,0,1]}}
{"0":{"p":[0.562083,0,-0.82708,0,0,1,0,0,0.82708,0,0.562083,0,4.82125,3.65102,-5.65325,1]},"1":{"p":[1,0,0,0,0,1,0,0,0,0,1,0,0,0.815686,0,1]},"2":{"p":[1,0,0,0,0,1,0,0,0,0,1,0,0,0.815686,0,1]},"3":{"p":[1,0,0,0,0,1,0,0,0,0,1,0,0,0.815686,0,1]}}
{"0":{"c":[1,0,0,0,0,0.930417,-0.366501,0,0,0.366501,0.930417,0,0,2.39642,3.35517,1],"p":[0.562083,0,-0.82708,0,0,1,0,0,0.82708,0,0.562083,0,4.65583,4.00202,-5.76566,1]},"1":{"p":[1,0,0,0,0,1,0,0,0,0,1,0,0,0.815686,0,1]},"2":{"p":[1,0,0,0,0,1,0,0,0,0,1,0,0,0.815686,0,1]},"3":{"p":[1,0,0,0,0,1,0,0,0,0,1,0,0,0.815686,0,1]}}
{"0":{"c":[1,0,0,0,0,0.930417,-0.366501,0,0,0.366501,0.930417,0,0,2.39642,3.35517,1],"p":[0.562083,0,-0.82708,0,0,1,0,0,0.82708,0,0.562083,0,4.49042,4.33734,-5.87808,1]},"1":{"p":[1,0,0,0,0,1,0,0,0,0,1,0,0,0.815686,0,1]},"2":{"p":[1,0,0,0,0,1,0,0,0,0,1,0,0,0.815686,0,1]},"3":{"p":[1,0,0,0,0,1,0,0,0,0,1,0,0,0.815686,0,1]}}
{"0":{"p":[0.562083,0,-0.82708,0,0,1,0,0,0.82708,0,0.562083,0,4.24229,4.81092,-6.04671,1]},"1":{"p":[1,0,0,0,0,1,0,0,0,0,1,0,0,0.815686,0,1]},"2":{"p":[1,0,0,0,0,1,0,0,0,0,1,0,0,0.815686,0,1]},"3":{"p":[1,0,0,0,0,1,0,0,0,0,1,0,0,0.815686,0,1]}}
{"0":{"c":[1,0,0,0,0,0.930417,-0.366501,0,0,0.366501,0.930417,0,0,2.39642,3.35517,1],"p":[0.562083,0,-0.82708,0,0,1,0,0,0.82708,0,0.562083,0,4.07687,5.10704,-6.15912,1]},"1":{"p":[1,0,0,0,0,1,0,0,0,0,1,0,0,0.815686,0,1]},"2":{"p":[1,0,0,0,0,1,0,0,0,0,1,0,0,0.815686,0,1]},"3":{"p":[1,0,0,0,0,1,0,0,0,0,1,0,0,0.815686,0,1]}}
{"0":{"p":[0.562083,0,-0.82708,0,0,1,0,0,0.82708,0,0.562083,0,3.82875,5.52182,-6.32775,1]},"1":{"p":[1,0,0,0,0,1,0,0,0,0,1,0,0,0.815686,0,1]},"2":{"p":[1,0,0,0,0,1,0,0,0,0,1,0,0,0.815686,0,1]},"3":{"p":[1,0,0,0,0,1,0,0,0,0,1,0,0,0.815686,0,1]}}
{"0":{"c":[1,0,0,0,0,0.930417,-0.366501,0,0,0.366501,0.930417,0,0,2.39642,3.35517,1],"p":[0.562083,0,-0.82708,0,0,1,0,0,0.82708,0,0.562083,0,3.66333,5.77874,-6.44017,1]},"1":{"p":[1,0,0,0,0,1,0,0,0,0,1,0,0,0.815686,0,1]},"2":{"p":[1,0,0,0,0,1,0,0,0,0,1,0,0,0.815686,0,1]},"3":{"p":[1,0,0,0,0,1,0,0,0,0,1,0,0,0.815686,0,1]}}
{"0":{"p":[0.562083,0,-0.82708,0,0,1,0,0,0.82708,0,0.562083,0,3.30279,6.13472,-6.44338,1]},"1":{"p":[1,0,0,0,0,1,0,0,0,0,1,0,0,0.815686,0,1]},"2":{"p":[1,0,0,0,0,1,0,0,0,0,1,0,0,0.815686,0,1]},"3":{"p":[1,0,0,0,0,1,0,0,0,0,1,0,0,0.815686,0,1]}}
{"0":{"c":[1,0,0,0,0,0.930417,-0.366501,0,0,0.366501,0.930417,0,0,2.39642,3.35517,1],"p":[0.562083,0,-0.82708,0,0,1,0,0,0.82708,0,0.562083,0,3.02496,6.35244,-6.39038,1]},"1":{"p":[1,0,0,0,0,1,0,0,0,0,1,0,0,0.815686,0,1]},"2":{"p":[1,0,0,0,0,1,0,0,0,0,1,0,0,0.815686,0,1]},"3":{"p":[1,0,0,0,0,1,0,0,0,0,1,0,0,0.815686,0,1]}}
{"0":{"p":[0.562083,0,-0.82708,0,0,1,0,0,0.82708,0,0.562083,0,2.60821,6.64962,-6.31088,1]},"1":{"p":[1,0,0,0,0,1,0,0,0,0,1,0,0,0.815686,0,1]},"2":{"p":[1,0,0,0,0,1,0,0,0,0,1,0,0,0.815686,0,1]},"3":{"p":[1,0,0,0,0,1,0,0,0,0,1,0,0,0.815686,0,1]}}
{"0":{"p":[0.562083,0,-0.82708,0,0,1,0,0,0.82708,0,0.562083,0,2.19146,6.91152,-6.23138,1]},"1":{"p":[1,0,0,0,0,1,0,0,0,0,1,0,0,0.815686,0,1]},"2":{"p":[1,0,0,0,0,1,0,0,0,0,1,0,0,0.815686,0,1]},"3":{"p":[1,0,0,0,0,1,0,0,0,0,1,0,0,0.815686,0,1]}}
{"0":{"c":[1,0,0,0,0,0.930417,-0.366501,0,0,0.366501,0.930417,0,0,2.39642,3.35517,1],"p":[0.562083,0,-0.82708,0,0,1,0,0,0.82708,0,0.562083,0,1.35796,7.32948,-6.07238,1]},"1":{"p":[1,0,0,0,0,1,0,0,0,0,1,0,0,0.815686,0,1]},"2":{"p":[1,0,0,0,0,1,0,0,0,0,1,0,0,0.815686,0,1]},"3":{"p":[1,0,0,0,0,1,0,0,0,0,1,0,0,0.815686,0,1]}}
{"0":{"p":[0.562083,0,-0.82708,0,0,1,0,0,0.82708,0,0.562083,0,0.663382,7.56998,-5.93988,1]},"1":{"p":[1,0,0,0,0,1,0,0,0,0,1,0,0,0.815686,0,1]},"2":{"p":[1,0,0,0,0,1,0,0,0,0,1,0,0,0.815686,0,1]},"3":{"p":[1,0,0,0,0,1,0,0,0,0,1,0,0,0.815686,0,1]}}
{"0":{"c":[1,0,0,0,0,0.930417,-0.366501,0,0,0.366501,0.930417,0,0,2.39642,3.35517,1],"p":[0.562083,0,-0.82708,0,0,1,0,0,0.82708,0,0.562083,0,0.385549,7.9641,-5.88688,1]},"1":{"p":[1,0,0,0,0,1,0,0,0,0,1,0,0,0.815686,0,1]},"2":{"p":[1,0,0,0,0,1,0,0,0,0,1,0,0,0.815686,0,1]},"3":{"p":[1,0,0,0,0,1,0,0,0,0,1,0,0,0.815686,0,1]}}
{"0":{"p":[0.562083,0,-0.82708,0,0,1,0,0,0.82708,0,0.562083,0,-0.0311997,8.55528,-5.80738,1]},"1":{"p":[1,0,0,0,0,1,0,0,0,0,1,0,0,0.815686,0,1]},"2":{"p":[1,0,0,0,0,1,0,0,0,0,1,0,0,0.815686,0,1]},"3":{"p":[1,0,0,0,0,1,0,0,0,0,1,0,0,0.815686,0,1]}}
{"0":{"c":[1,0,0,0,0,0.930417,-0.366501,0,0,0.366501,0.930417,0,0,2.39642,3.35517,1],"p":[0.562083,0,-0.82708,0,0,1,0,0,0.82708,0,0.562083,0,-0.309032,8.9494,-5.75438,1]},"1":{"p":[1,0,0,0,0,1,0,0,0,0,1,0,0,0.815686,0,1]},"2":{"p":[1,0,0,0,0,1,0,0,0,0,1,0,0,0.815686,0,1]},"3":{"p":[1,0,0,0,0,1,0,0,0,0,1,0,0,0.815686,0,1]}}
{"0":{"c":[1,0,0,0,0,0.930417,-0.366501,0,0,0.366501,0.930417,0,0,2.39642,3.35517,1],"p":[0.562083,0,-0.82708,0,0,1,0,0,0.82708,0,0.562083,0,-0.725781,9.54058,-5.67488,1]},"1":{"p":[1,0,0,0,0,1,0,0,0,0,1,0,0,0.815686,0,1]},"2":{"p":[1,0,0,0,0,1,0,0,0,0,1,0,0,0.815686,0,1]},"3":{"p":[1,0,0,0,0,1,0,0,0,0,1,0,0,0.815686,0,1]}}
{"0":{"p":[0.562083,0,-0.82708,0,0,1,0,0,0.82708,0,0.562083,0,-1.14253,10.12,-5.59538,1]},"1":{"p":[1,0,0,0,0,1,0,0,0,0,1,0,0,0.815686,0,1]},"2":{"p":[1,0,0,0,0,1,0,0,0,0,1,0,0,0.815686,0,1]},"3":{"p":[1,0,0,0,0,1,0,0,0,0,1,0,0,0.815686,0,1]}}
{"0":{"c":[1,0,0,0,0,0.930417,-0.366501,0,0,0.366501,0.930417,0,0,2.39642,3.35517,1],"p":[0.562083,0,-0.82708,0,0,1,0,0,0.82708,0,0.562083,0,-1.42036,10.4867,-5.54239,1]},"1":{"p":[1,0,0,0,0,1,0,0,0,0,1,0,0,0.815686,0,1]},"2":{"p":[1,0,0,0,0,1,0,0,0,0,1,0,0,0.815686,0,1]},"3":{"p":[1,0,0,0,0,1,0,0,0,0,1,0,0,0.815686,0,1]}}
{"0":{"p":[0.562083,0,-0.82708,0,0,1,0,0,0.82708,0,0.562083,0,-1.83711,11.0073,-5.46289,1]},"1":{"p":[1,0,0,0,0,1,0,0,0,0,1,0,0,0.815686,0,1]},"2":{"p":[1,0,0,0,0,1,0,0,0,0,1,0,0,0.815686,0,1]},"3":{"p":[1,0,0,0,0,1,0,0,0,0,1,0,0,0.815686,0,1]}}
{"0":{"p":[0.562083,0,-0.82708,0,0,1,0,0,0.82708,0,0.562083,0,-2.25386,11.4926,-5.38339,1]},"1":{"p":[1,0,0,0,0,1,0,0,0,0,1,0,0,0.815686,0,1]},"2":{"p":[1,0,0,0,0,1,0,0,0,0,1,0,0,0.815686,0,1]},"3":{"p":[1,0,0,0,0,1,0,0,0,0,1,0,0,0.815686,0,1]}}
{"0":{"c":[1,0,0,0,0,0.930417,-0.366501,0,0,0.366501,0.930417,0,0,2.39642,3.35517,1],"p":[0.562083,0,-0.82708,0,0,1,0,0,0.82708,0,0.562083,0,-2.47549,11.7966,-5.4131,1]},"1":{"p":[1,0,0,0,0,1,0,0,0,0,1,0,0,0.815686,0,1]},"2":{"p":[1,0,0,0,0,1,0,0,0,0,1,0,0,0.815686,0,1]},"3":{"p":[1,0,0,0,0,1,0,0,0,0,1,0,0,0.815686,0,1]}}
{"0":{"c":[1,0,0,0,0,0.930417,-0.366501,0,0,0.366501,0.930417,0,0,2.39642,3.35517,1],"p":[0.563526,0,-0.826098,0,0,1,0,0,0.826098,0,0.563526,0,-2.66716,12.2231,-5.66448,1]},"1":{"p":[1,0,0,0,0,1,0,0,0,0,1,0,0,0.815686,0,1]},"2":{"p":[1,0,0,0,0,1,0,0,0,0,1,0,0,0.815686,0,1]},"3":{"p":[1,0,0,0,0,1,0,0,0,0,1,0,0,0.815686,0,1]}}
{"0":{"p":[0.649448,0,-0.760406,0,0,1,0,0,0.760406,0,0.649448,0,-2.71561,12.6144,-6.08541,1]},"1":{"p":[1,0,0,0,0,1,0,0,0,0,1,0,0,0.815686,0,1]},"2":{"p":[1,0,0,0,0,1,0,0,0,0,1,0,0,0.815686,0,1]},"3":{"p":[1,0,0,0,0,1,0,0,0,0,1,0,0,0.815686,0,1]}}
{"0":{"p":[0.743144,0,-0.66913,0,0,1,0,0,0.66913,0,0.743144,0,-2.7119,12.9704,-6.50885,1]},"1":{"p":[1,0,0,0,0,1,0,0,0,0,1,0,0,0.815686,0,1]},"2":{"p":[1,0,0,0,0,1,0,0,0,0,1,0,0,0.815686,0,1]},"3":{"p":[1,0,0,0,0,1,0,0,0,0,1,0,0,0.815686,0,1]}}
{"0":{"p":[0.830984,0,-0.556295,0,0,1,0,0,0.556295,0,0.830984,0,-2.58722,13.5765,-7.34622,1]},"1":{"p":[1,0,0,0,0,1,0,0,0,0,1,0,0,0.815686,0,1]},"2":{"p":[1,0,0,0,0,1,0,0,0,0,1,0,0,0.815686,0,1]},"3":{"p":[1,0,0,0,0,1,0,0,0,0,1,0,0,0.815686,0,1]}}
{"0":{"c":[1,0,0,0,0,0.876306,-0.481754,0,0,0.481754,0.876306,0,0,2.80332,3.02347,1],"p":[0.971549,0,-0.236838,0,0,1,0,0,0.236838,0,0.971549,0,-2.27654,13.9738,-7.98042,1]},"1":{"p":[1,0,0,0,0,1,0,0,0,0,1,0,0,0.815686,0,1]},"2":{"p":[1,0,0,0,0,1,0,0,0,0,1,0,0,0.815686,0,1]},"3":{"p":[1,0,0,0,0,1,0,0,0,0,1,0,0,0.815686,0,1]}}
{"0":{"p":[0.979222,0,-0.202787,0,0,1,0,0,0.202787,0,0.979222,0,-1.8925,14.2731,-8.57406,1]},"1":{"p":[1,0,0,0,0,1,0,0,0,0,1,0,0,0.815686,0,1]},"2":{"p":[1,0,0,0,0,1,0,0,0,0,1,0,0,0.815686,0,1]},"3":{"p":[1,0,0,0,0,1,0,0,0,0,1,0,0,0.815686,0,1]}}
{"0":{"p":[0.979222,0,-0.202787,0,0,1,0,0,0.202787,0,0.979222,0,-1.50428,14.4744,-9.16506,1]},"1":{"p":[1,0,0,0,0,1,0,0,0,0,1,0,0,0.815686,0,1]},"2":{"p":[1,0,0,0,0,1,0,0,0,0,1,0,0,0.815686,0,1]},"3":{"p":[1,0,0,0,0,1,0,0,0,0,1,0,0,0.815686,0,1]}}
{"0":{"p":[0.979222,0,-0.202787,0,0,1,0,0,0.202787,0,0.979222,0,-1.11606,14.5777,-9.75607,1]},"1":{"p":[1,0,0,0,0,1,0,0,0,0,1,0,0,0.815686,0,1]},"2":{"p":[1,0,0,0,0,1,0,0,0,0,1,0,0,0.815686,0,1]},"3":{"p":[1,0,0,0,0,1,0,0,0,0,1,0,0,0.815686,0,1]}}
{"0":{"p":[0.980955,0,-0.194234,0,0,1,0,0,0.194234,0,0.980955,0,-0.723731,14.583,-10.3443,1]},"1":{"p":[1,0,0,0,0,1,0,0,0,0,1,0,0,0.815686,0,1]},"2":{"p":[1,0,0,0,0,1,0,0,0,0,1,0,0,0.815686,0,1]},"3":{"p":[1,0,0,0,0,1,0,0,0,0,1,0,0,0.815686,0,1]}}
{"0":{"c":[1,0,0,0,0,0.82708,-0.562083,0,0,0.562083,0.82708,0,0,3.07541,2.74624,1],"p":[0.948876,0,0.315649,0,0,1,0,0,-0.315649,0,0.948876,0,-0.488154,14.5577,-10.4976,1]},"1":{"p":[1,0,0,0,0,1,0,0,0,0,1,0,0,0.815686,0,1]},"2":{"p":[1,0,0,0,0,1,0,0,0,0,1,0,0,0.815686,0,1]},"3":{"p":[1,0,0,0,0,1,0,0,0,0,1,0,0,0.815686,0,1]}}
{"0":{"p":[0.734914,0,0.678159,0,0,1,0,0,-0.678159,0,0.734914,0,0.188673,14.4258,-10.6413,1]},"1":{"p":[1,0,0,0,0,1,0,0,0,0,1,0,0,0.815686,0,1]},"2":{"p":[1,0,0,0,0,1,0,0,0,0,1,0,0,0.815686,0,1]},"3":{"p":[1,0,0,0,0,1,0,0,0,0,1,0,0,0.815686,0,1]}}
{"0":{"p":[-0.0767189,0,0.997052,0,0,1,0,0,-0.997052,0,-0.0767189,0,0.372739,14.3456,-10.4265,1]},"1":{"p":[1,0,0,0,0,1,0,0,0,0,1,0,0,0.815686,0,1]},"2":{"p":[1,0,0,0,0,1,0,0,0,0,1,0,0,0.815686,0,1]},"3":{"p":[1,0,0,0,0,1,0,0,0,0,1,0,0,0.815686,0,1]}}
{"0":{"c":[1,0,0,0,0,0.71934,-0.694658,0,0,0.694658,0.71934,0,0,3.49797,2.1827,1],"p":[-0.180519,0,0.983571,0,0,1,0,0,-0.983571,0,-0.180519,0,0.545078,14.2497,-10.2028,1]},"1":{"p":[1,0,0,0,0,1,0,0,0,0,1,0,0,0.815686,0,1]},"2":{"p":[1,0,0,0,0,1,0,0,0,0,1,0,0,0.815686,0,1]},"3":{"p":[1,0,0,0,0,1,0,0,0,0,1,0,0,0.815686,0,1]}}
{"0":{"c":[1,0,0,0,0,0.700909,-0.71325,0,0,0.71325,0.700909,0,0,3.55391,2.09039,1],"p":[-0.185666,0,0.982612,0,0,1,0,0,-0.982612,0,-0.185666,0,0.785383,14.0765,-9.8531,1]},"1":{"p":[1,0,0,0,0,1,0,0,0,0,1,0,0,0.815686,0,1]},"2":{"p":[1,0,0,0,0,1,0,0,0,0,1,0,0,0.815686,0,1]},"3":{"p":[1,0,0,0,0,1,0,0,0,0,1,0,0,0.815686,0,1]}}
{"0":{"c":[1,0,0,0,0,0.699663,-0.714472,0,0,0.714472,0.699663,0,0,3.55755,2.08418,1],"p":[-0.185666,0,0.982612,0,0,1,0,0,-0.982612,0,-0.185666,0,1.02447,13.868,-9.50262,1]},"1":{"p":[1,0,0,0,0,1,0,0,0,0,1,0,0,0.815686,0,1]},"2":{"p":[1,0,0,0,0,1,0,0,0,0,1,0,0,0.815686,0,1]},"3":{"p":[1,0,0,0,0,1,0,0,0,0,1,0,0,0.815686,0,1]}}
{"0":{"c":[1,0,0,0,0,0.699663,-0.714472,0,0,0.714472,0.699663,0,0,3.55755,2.08418,1],"p":[-0.194234,0,0.980955,0,0,1,0,0,-0.980955,0,-0.194234,0,1.26253,13.6242,-9.15145,1]},"1":{"p":[1,0,0,0,0,1,0,0,0,0,1,0,0,0.815686,0,1]},"2":{"p":[1,0,0,0,0,1,0,0,0,0,1,0,0,0.815686,0,1]},"3":{"p":[1,0,0,0,0,1,0,0,0,0,1,0,0,0.815686,0,1]}}
{"0":{"p":[-0.216439,0,0.976296,0,0,1,0,0,-0.976296,0,-0.216439,0,1.49317,13.3451,-8.79538,1]},"1":{"p":[1,0,0,0,0,1,0,0,0,0,1,0,0,0.815686,0,1]},"2":{"p":[1,0,0,0,0,1,0,0,0,0,1,0,0,0.815686,0,1]},"3":{"p":[1,0,0,0,0,1,0,0,0,0,1,0,0,0.815686,0,1]}}
{"0":{"c":[1,0,0,0,0,0.693402,-0.720551,0,0,0.720551,0.693402,0,0,3.5756,2.05306,1],"p":[-0.228351,0,0.973579,0,0,1,0,0,-0.973579,0,-0.228351,0,1.64368,13.1395,-8.55591,1]},"1":{"p":[1,0,0,0,0,1,0,0,0,0,1,0,0,0.815686,0,1]},"2":{"p":[1,0,0,0,0,1,0,0,0,0,1,0,0,0.815686,0,1]},"3":{"p":[1,0,0,0,0,1,0,0,0,0,1,0,0,0.815686,0,1]}}
{"0":{"c":[1,0,0,0,0,0.690882,-0.722967,0,0,0.722967,0.690882,0,0,3.58275,2.04056,1],"p":[-0.231748,0,0.972776,0,0,1,0,0,-0.972776,0,-0.231748,0,1.79231,12.9182,-8.31527,1]},"1":{"p":[1,0,0,0,0,1,0,0,0,0,1,0,0,0.815686,0,1]},"2":{"p":[1,0,0,0,0,1,0,0,0,0,1,0,0,0.815686,0,1]},"3":{"p":[1,0,0,0,0,1,0,0,0,0,1,0,0,0.815686,0,1]}}
{"0":{"c":[1,0,0,0,0,0.690882,-0.722967,0,0,0.722967,0.690882,0,0,3.58275,2.04056,1],"p":[-0.231748,0,0.972776,0,0,1,0,0,-0.972776,0,-0.231748,0,2.01461,12.5568,-7.95391,1]},"1":{"p":[1,0,0,0,0,1,0,0,0,0,1,0,0,0.815686,0,1]},"2":{"p":[1,0,0,0,0,1,0,0,0,0,1,0,0,0.815686,0,1]},"3":{"p":[1,0,0,0,0,1,0,0,0,0,1,0,0,0.815686,0,1]}}
{"0":{"p":[-0.231748,0,0.972776,0,0,1,0,0,-0.972776,0,-0.231748,0,2.23692,12.1601,-7.59255,1]},"1":{"p":[1,0,0,0,0,1,0,0,0,0,1,0,0,0.815686,0,1]},"2":{"p":[1,0,0,0,0,1,0,0,0,0,1,0,0,0.815686,0,1]},"3":{"p":[1,0,0,0,0,1,0,0,0,0,1,0,0,0.815686,0,1]}}
{"0":{"c":[1,0,0,0,0,0.690882,-0.722967,0,0,0.722967,0.690882,0,0,3.58275,2.04056,1],"p":[-0.366501,0,0.930417,0,0,1,0,0,-0.930417,0,-0.366501,0,2.70014,11.1797,-6.79992,1]},"1":{"p":[1,0,0,0,0,1,0,0,0,0,1,0,0,0.815686,0,1]},"2":{"p":[1,0,0,0,0,1,0,0,0,0,1,0,0,0.815686,0,1]},"3":{"p":[1,0,0,0,0,1,0,0,0,0,1,0,0,0.815686,0,1]}}
{"0":{"p":[-0.480223,0,0.877146,0,0,1,0,0,-0.877146,0,-0.480223,0,2.91531,10.3128,-6.12729,1]},"1":{"p":[1,0,0,0,0,1,0,0,0,0,1,0,0,0.815686,0,1]},"2":{"p":[1,0,0,0,0,1,0,0,0,0,1,0,0,0.815686,0,1]},"3":{"p":[1,0,0,0,0,1,0,0,0,0,1,0,0,0.815686,0,1]}}
{"0":{"p":[-0.94721,0,0.320613,0,0,1,0,0,-0.320613,0,-0.94721,0,2.60602,9.34789,-5.49147,1]},"1":{"p":[1,0,0,0,0,1,0,0,0,0,1,0,0,0.815686,0,1]},"2":{"p":[1,0,0,0,0,1,0,0,0,0,1,0,0,0.815686,0,1]},"3":{"p":[1,0,0,0,0,1,0,0,0,0,1,0,0,0.815686,0,1]}}
{"0":{"p":[-0.97437,0,0.224951,0,0,1,0,0,-0.224951,0,-0.97437,0,2.38267,8.72191,-5.13076,1]},"1":{"p":[1,0,0,0,0,1,0,0,0,0,1,0,0,0.815686,0,1]},"2":{"p":[1,0,0,0,0,1,0,0,0,0,1,0,0,0.815686,0,1]},"3":{"p":[1,0,0,0,0,1,0,0,0,0,1,0,0,0.815686,0,1]}}
{"0":{"p":[-0.998889,0,0.0471066,0,0,1,0,0,-0.0471066,0,-0.998889,0,2.39209,8.28499,-4.93099,1]},"1":{"p":[1,0,0,0,0,1,0,0,0,0,1,0,0,0.815686,0,1]},"2":{"p":[1,0,0,0,0,1,0,0,0,0,1,0,0,0.815686,0,1]},"3":{"p":[1,0,0,0,0,1,0,0,0,0,1,0,0,0.815686,0,1]}}
{"0":{"p":[-0.999559,0,-0.029666,0,0,1,0,0,0.029666,0,-0.999559,0,2.38615,7.83239,-4.73108,1]},"1":{"p":[1,0,0,0,0,1,0,0,0,0,1,0,0,0.815686,0,1]},"2":{"p":[1,0,0,0,0,1,0,0,0,0,1,0,0,0.815686,0,1]},"3":{"p":[1,0,0,0,0,1,0,0,0,0,1,0,0,0.815686,0,1]}}
{"0":{"c":[1,0,0,0,0,0.702153,-0.712026,0,0,0.712026,0.702153,0,0,3.55026,2.09659,1],"p":[-0.995724,0,-0.0923703,0,0,1,0,0,0.0923703,0,-0.995724,0,2.37395,7.36411,-4.53155,1]},"1":{"p":[1,0,0,0,0,1,0,0,0,0,1,0,0,0.815686,0,1]},"2":{"p":[1,0,0,0,0,1,0,0,0,0,1,0,0,0.815686,0,1]},"3":{"p":[1,0,0,0,0,1,0,0,0,0,1,0,0,0.815686,0,1]}}
{"0":{"p":[-0.980271,0,-0.197657,0,0,1,0,0,0.197657,0,-0.980271,0,2.32518,6.63229,-4.23592,1]},"1":{"p":[1,0,0,0,0,1,0,0,0,0,1,0,0,0.815686,0,1]},"2":{"p":[1,0,0,0,0,1,0,0,0,0,1,0,0,0.815686,0,1]},"3":{"p":[1,0,0,0,0,1,0,0,0,0,1,0,0,0.815686,0,1]}}
{"0":{"p":[-0.978867,0,-0.204496,0,0,1,0,0,0.204496,0,-0.978867,0,2.26452,5.86519,-3.94212,1]},"1":{"p":[1,0,0,0,0,1,0,0,0,0,1,0,0,0.815686,0,1]},"2":{"p":[1,0,0,0,0,1,0,0,0,0,1,0,0,0.815686,0,1]},"3":{"p":[1,0,0,0,0,1,0,0,0,0,1,0,0,0.815686,0,1]}}
{"0":{"p":[-0.978867,0,-0.204496,0,0,1,0,0,0.204496,0,-0.978867,0,2.20317,5.06282,-3.64846,1]},"1":{"p":[1,0,0,0,0,1,0,0,0,0,1,0,0,0.815686,0,1]},"2":{"p":[1,0,0,0,0,1,0,0,0,0,1,0,0,0.815686,0,1]},"3":{"p":[1,0,0,0,0,1,0,0,0,0,1,0,0,0.815686,0,1]}}
{"0":{"c":[1,0,0,0,0,0.739631,-0.673012,0,0,0.673012,0.739631,0,0,3.43168,2.28551,1],"p":[-0.978867,0,-0.204496,0,0,1,0,0,0.204496,0,-0.978867,0,2.14182,4.22516,-3.3548,1]},"1":{"p":[1,0,0,0,0,1,0,0,0,0,1,0,0,0.815686,0,1]},"2":{"p":[1,0,0,0,0,1,0,0,0,0,1,0,0,0.815686,0,1]},"3":{"p":[1,0,0,0,0,1,0,0,0,0,1,0,0,0.815686,0,1]}}
{"0":{"p":[-0.978867,0,-0.204496,0,0,1,0,0,0.204496,0,-0.978867,0,2.01912,2.444,-2.76748,1]},"1":{"p":[1,0,0,0,0,1,0,0,0,0,1,0,0,0.815686,0,1]},"2":{"p":[1,0,0,0,0,1,0,0,0,0,1,0,0,0.815686,0,1]},"3":{"p":[1,0,0,0,0,1,0,0,0,0,1,0,0,0.815686,0,1]}}
{"0":{"p":[-0.977415,0,-0.211324,0,0,1,0,0,0.211324,0,-0.977415,0,1.89301,0.803922,-2.18089,1]},"1":{"p":[1,0,0,0,0,1,0,0,0,0,1,0,0,0.815686,0,1]},"2":{"p":[1,0,0,0,0,1,0,0,0,0,1,0,0,0.815686,0,1]},"3":{"p":[1,0,0,0,0,1,0,0,0,0,1,0,0,0.815686,0,1]}}
{"0":{"c":[1,0,0,0,0,0.776046,-0.630676,0,0,0.630676,0.776046,0,0,3.29875,2.47351,1],"p":[-0.940288,0,-0.340379,0,0,1,0,0,0.340379,0,-0.940288,0,1.67933,0.843137,-1.56703,1]},"1":{"p":[1,0,0,0,0,1,0,0,0,0,1,0,0,0.815686,0,1]},"2":{"p":[1,0,0,0,0,1,0,0,0,0,1,0,0,0.815686,0,1]},"3":{"p":[1,0,0,0,0,1,0,0,0,0,1,0,0,0.815686,0,1]}}
{"0":{"c":[1,0,0,0,0,0.794414,-0.607376,0,0,0.607376,0.794414,0,0,3.22392,2.57028,1],"p":[-0.936672,0,-0.350207,0,0,1,0,0,0.350207,0,-0.936672,0,1.47281,0.853922,-1.00369,1]},"1":{"p":[1,0,0,0,0,1,0,0,0,0,1,0,0,0.815686,0,1]},"2":{"p":[1,0,0,0,0,1,0,0,0,0,1,0,0,0.815686,0,1]},"3":{"p":[1,0,0,0,0,1,0,0,0,0,1,0,0,0.815686,0,1]}}
{"0":{"p":[-0.934204,0,-0.356738,0,0,1,0,0,0.356738,0,-0.934204,0,1.40146,0.862745,-0.816853,1]},"1":{"p":[1,0,0,0,0,1,0,0,0,0,1,0,0,0.815686,0,1]},"2":{"p":[1,0,0,0,0,1,0,0,0,0,1,0,0,0.815686,0,1]},"3":{"p":[1,0,0,0,0,1,0,0,0,0,1,0,0,0.815686,0,1]}}
{"0":{"c":[1,0,0,0,0,0.846193,-0.532876,0,0,0.532876,0.846193,0,0,2.9777,2.8519,1],"p":[-0.894934,0,-0.446197,0,0,1,0,0,0.446197,0,-0.894934,0,1.08585,0.856867,-0.0822501,1]},"1":{"p":[1,0,0,0,0,1,0,0,0,0,1,0,0,0.815686,0,1]},"2":{"p":[1,0,0,0,0,1,0,0,0,0,1,0,0,0.815686,0,1]},"3":{"p":[1,0,0,0,0,1,0,0,0,0,1,0,0,0.815686,0,1]}}
{"0":{"p":[-0.894154,0,-0.447759,0,0,1,0,0,0.447759,0,-0.894154,0,0.996302,0.835294,0.0965807,1]},"1":{"p":[1,0,0,0,0,1,0,0,0,0,1,0,0,0.815686,0,1]},"2":{"p":[1,0,0,0,0,1,0,0,0,0,1,0,0,0.815686,0,1]},"3":{"p":[1,0,0,0,0,1,0,0,0,0,1,0,0,0.815686,0,1]}}
{"0":{"p":[-0.894154,0,-0.447759,0,0,1,0,0,0.447759,0,-0.894154,0,0.638095,2.02942,0.811904,1]},"1":{"p":[1,0,0,0,0,1,0,0,0,0,1,0,0,0.815686,0,1]},"2":{"p":[1,0,0,0,0,1,0,0,0,0,1,0,0,0.815686,0,1]},"3":{"p":[1,0,0,0,0,1,0,0,0,0,1,0,0,0.815686,0,1]}}
{"0":{"p":[-0.894154,0,-0.447759,0,0,1,0,0,0.447759,0,-0.894154,0,0.324664,3.40884,1.43781,1]},"1":{"p":[1,0,0,0,0,1,0,0,0,0,1,0,0,0.815686,0,1]},"2":{"p":[1,0,0,0,0,1,0,0,0,0,1,0,0,0.815686,0,1]},"3":{"p":[1,0,0,0,0,1,0,0,0,0,1,0,0,0.815686,0,1]}}
{"0":{"c":[1,0,0,0,0,0.859852,-0.510543,0,0,0.510543,0.859852,0,0,2.90202,2.92887,1],"p":[-0.894154,0,-0.447759,0,0,1,0,0,0.447759,0,-0.894154,0,0.0112332,4.6785,2.06372,1]},"1":{"p":[1,0,0,0,0,1,0,0,0,0,1,0,0,0.815686,0,1]},"2":{"p":[1,0,0,0,0,1,0,0,0,0,1,0,0,0.815686,0,1]},"3":{"p":[1,0,0,0,0,1,0,0,0,0,1,0,0,0.815686,0,1]}}
{"0":{"c":[1,0,0,0,0,0.859852,-0.510543,0,0,0.510543,0.859852,0,0,2.90202,2.92887,1],"p":[-0.894154,0,-0.447759,0,0,1,0,0,0.447759,0,-0.894154,0,-0.302198,5.75608,2.68963,1]},"1":{"p":[1,0,0,0,0,1,0,0,0,0,1,0,0,0.815686,0,1]},"2":{"p":[1,0,0,0,0,1,0,0,0,0,1,0,0,0.815686,0,1]},"3":{"p":[1,0,0,0,0,1,0,0,0,0,1,0,0,0.815686,0,1]}}
{"0":{"p":[-0.894154,0,-0.447759,0,0,1,0,0,0.447759,0,-0.894154,0,-0.615629,6.64158,3.31554,1]},"1":{"p":[1,0,0,0,0,1,0,0,0,0,1,0,0,0.815686,0,1]},"2":{"p":[1,0,0,0,0,1,0,0,0,0,1,0,0,0.815686,0,1]},"3":{"p":[1,0,0,0,0,1,0,0,0,0,1,0,0,0.815686,0,1]}}
{"0":{"p":[-0.894154,0,-0.447759,0,0,1,0,0,0.447759,0,-0.894154,0,-0.70518,6.8593,3.49437,1]},"1":{"p":[1,0,0,0,0,1,0,0,0,0,1,0,0,0.815686,0,1]},"2":{"p":[1,0,0,0,0,1,0,0,0,0,1,0,0,0.815686,0,1]},"3":{"p":[1,0,0,0,0,1,0,0,0,0,1,0,0,0.815686,0,1]}}
{"0":{"c":[1,0,0,0,0,0.85896,-0.512043,0,0,0.512043,0.85896,0,0,2.90713,2.9238,1],"p":[-0.894154,0,-0.447759,0,0,1,0,0,0.447759,0,-0.894154,0,-1.15294,7.7127,4.38852,1]},"1":{"p":[1,0,0,0,0,1,0,0,0,0,1,0,0,0.815686,0,1]},"2":{"p":[1,0,0,0,0,1,0,0,0,0,1,0,0,0.815686,0,1]},"3":{"p":[1,0,0,0,0,1,0,0,0,0,1,0,0,0.815686,0,1]}}
{"0":{"p":[-0.894154,0,-0.447759,0,0,1,0,0,0.447759,0,-0.894154,0,-1.24249,8.10682,4.56735,1]},"1":{"p":[1,0,0,0,0,1,0,0,0,0,1,0,0,0.815686,0,1]},"2":{"p":[1,0,0,0,0,1,0,0,0,0,1,0,0,0.815686,0,1]},"3":{"p":[1,0,0,0,0,1,0,0,0,0,1,0,0,0.815686,0,1]}}
{"0":{"p":[-0.894154,0,-0.447759,0,0,1,0,0,0.447759,0,-0.894154,0,-1.42159,8.89506,4.92502,1]},"1":{"p":[1,0,0,0,0,1,0,0,0,0,1,0,0,0.815686,0,1]},"2":{"p":[1,0,0,0,0,1,0,0,0,0,1,0,0,0.815686,0,1]},"3":{"p":[1,0,0,0,0,1,0,0,0,0,1,0,0,0.815686,0,1]}}
{"0":{"c":[1,0,0,0,0,0.85896,-0.512043,0,0,0.512043,0.85896,0,0,2.90713,2.9238,1],"p":[-0.894154,0,-0.447759,0,0,1,0,0,0.447759,0,-0.894154,0,-1.7798,10.4323,5.64034,1]},"1":{"p":[1,0,0,0,0,1,0,0,0,0,1,0,0,0.815686,0,1]},"2":{"p":[1,0,0,0,0,1,0,0,0,0,1,0,0,0.815686,0,1]},"3":{"p":[1,0,0,0,0,1,0,0,0,0,1,0,0,0.815686,0,1]}}
{"0":{"p":[-0.894154,0,-0.447759,0,0,1,0,0,0.447759,0,-0.894154,0,-1.86935,10.7833,5.81917,1]},"1":{"p":[1,0,0,0,0,1,0,0,0,0,1,0,0,0.815686,0,1]},"2":{"p":[1,0,0,0,0,1,0,0,0,0,1,0,0,0.815686,0,1]},"3":{"p":[1,0,0,0,0,1,0,0,0,0,1,0,0,0.815686,0,1]}}
{"0":{"c":[1,0,0,0,0,0.85896,-0.512043,0,0,0.512043,0.85896,0,0,2.90713,2.9238,1],"p":[-0.894154,0,-0.447759,0,0,1,0,0,0.447759,0,-0.894154,0,-2.27234,12.1688,6.62391,1]},"1":{"p":[1,0,0,0,0,1,0,0,0,0,1,0,0,0.815686,0,1]},"2":{"p":[1,0,0,0,0,1,0,0,0,0,1,0,0,0.815686,0,1]},"3":{"p":[1,0,0,0,0,1,0,0,0,0,1,0,0,0.815686,0,1]}}
{"0":{"p":[-0.894154,0,-0.447759,0,0,1,0,0,0.447759,0,-0.894154,0,-2.36189,12.4336,6.80274,1]},"1":{"p":[1,0,0,0,0,1,0,0,0,0,1,0,0,0.815686,0,1]},"2":{"p":[1,0,0,0,0,1,0,0,0,0,1,0,0,0.815686,0,1]},"3":{"p":[1,0,0,0,0,1,0,0,0,0,1,0,0,0.815686,0,1]}}
{"0":{"p":[-0.894154,0,-0.447759,0,0,1,0,0,0.447759,0,-0.894154,0,-2.71982,12.916,7.07085,1]},"1":{"p":[1,0,0,0,0,1,0,0,0,0,1,0,0,0.815686,0,1]},"2":{"p":[1,0,0,0,0,1,0,0,0,0,1,0,0,0.815686,0,1]},"3":{"p":[1,0,0,0,0,1,0,0,0,0,1,0,0,0.815686,0,1]}}
{"0":{"p":[-0.894154,0,-0.447759,0,0,1,0,0,0.447759,0,-0.894154,0,-3.25659,13.3358,7.24941,1]},"1":{"p":[1,0,0,0,0,1,0,0,0,0,1,0,0,0.815686,0,1]},"2":{"p":[1,0,0,0,0,1,0,0,0,0,1,0,0,0.815686,0,1]},"3":{"p":[1,0,0,0,0,1,0,0,0,0,1,0,0,0.815686,0,1]}}
{"0":{"c":[1,0,0,0,0,0.85896,-0.512043,0,0,0.512043,0.85896,0,0,2.90713,2.9238,1],"p":[-0.894154,0,-0.447759,0,0,1,0,0,0.447759,0,-0.894154,0,-4.33012,13.9872,7.60653,1]},"1":{"p":[1,0,0,0,0,1,0,0,0,0,1,0,0,0.815686,0,1]},"2":{"p":[1,0,0,0,0,1,0,0,0,0,1,0,0,0.815686,0,1]},"3":{"p":[1,0,0,0,0,1,0,0,0,0,1,0,0,0.815686,0,1]}}
{"0":{"p":[-0.894154,0,-0.447759,0,0,1,0,0,0.447759,0,-0.894154,0,-4.5985,14.1108,7.69581,1]},"1":{"p":[1,0,0,0,0,1,0,0,0,0,1,0,0,0.815686,0,1]},"2":{"p":[1,0,0,0,0,1,0,0,0,0,1,0,0,0.815686,0,1]},"3":{"p":[1,0,0,0,0,1,0,0,0,0,1,0,0,0.815686,0,1]}}
{"0":{"c":[1,0,0,0,0,0.848971,-0.528438,0,0,0.528438,0.848971,0,0,2.96272,2.86745,1],"p":[-0.714473,0,-0.699663,0,0,1,0,0,0.699663,0,-0.714473,0,-5.68864,14.4486,7.97857,1]},"1":{"p":[1,0,0,0,0,1,0,0,0,0,1,0,0,0.815686,0,1]},"2":{"p":[1,0,0,0,0,1,0,0,0,0,1,0,0,0.815686,0,1]},"3":{"p":[1,0,0,0,0,1,0,0,0,0,1,0,0,0.815686,0,1]}}
{"0":{"c":[1,0,0,0,0,0.816137,-0.577857,0,0,0.577857,0.816137,0,0,3.12757,2.68669,1],"p":[-0.518027,0,-0.855364,0,0,1,0,0,0.855364,0,-0.518027,0,-6.67244,14.5383,7.88565,1]},"1":{"p":[1,0,0,0,0,1,0,0,0,0,1,0,0,0.815686,0,1]},"2":{"p":[1,0,0,0,0,1,0,0,0,0,1,0,0,0.815686,0,1]},"3":{"p":[1,0,0,0,0,1,0,0,0,0,1,0,0,0.815686,0,1]}}
{"0":{"c":[1,0,0,0,0,0.799684,-0.60042,0,0,0.60042,0.799684,0,0,3.20136,2.59832,1],"p":[-0.518027,0,-0.855364,0,0,1,0,0,0.855364,0,-0.518027,0,-7.77115,14.4057,7.61578,1]},"1":{"p":[1,0,0,0,0,1,0,0,0,0,1,0,0,0.815686,0,1]},"2":{"p":[1,0,0,0,0,1,0,0,0,0,1,0,0,0.815686,0,1]},"3":{"p":[1,0,0,0,0,1,0,0,0,0,1,0,0,0.815686,0,1]}}
{"0":{"c":[1,0,0,0,0,0.799684,-0.60042,0,0,0.60042,0.799684,0,0,3.20136,2.59832,1],"p":[-0.4602,0,-0.887815,0,0,1,0,0,0.887815,0,-0.4602,0,-8.59235,14.1415,7.40315,1]},"1":{"p":[1,0,0,0,0,1,0,0,0,0,1,0,0,0.815686,0,1]},"2":{"p":[1,0,0,0,0,1,0,0,0,0,1,0,0,0.815686,0,1]},"3":{"p":[1,0,0,0,0,1,0,0,0,0,1,0,0,0.815686,0,1]}}
{"0":{"p":[-0.438371,0,-0.898794,0,0,1,0,0,0.898794,0,-0.438371,0,-9.39574,13.7363,7.13018,1]},"1":{"p":[1,0,0,0,0,1,0,0,0,0,1,0,0,0.815686,0,1]},"2":{"p":[1,0,0,0,0,1,0,0,0,0,1,0,0,0.815686,0,1]},"3":{"p":[1,0,0,0,0,1,0,0,0,0,1,0,0,0.815686,0,1]}}
{"0":{"p":[-0.374607,0,-0.927183,0,0,1,0,0,0.927183,0,-0.374607,0,-10.307,13.0852,6.74337,1]},"1":{"p":[1,0,0,0,0,1,0,0,0,0,1,0,0,0.815686,0,1]},"2":{"p":[1,0,0,0,0,1,0,0,0,0,1,0,0,0.815686,0,1]},"3":{"p":[1,0,0,0,0,1,0,0,0,0,1,0,0,0.815686,0,1]}}
{"0":{"p":[-0.374607,0,-0.927183,0,0,1,0,0,0.927183,0,-0.374607,0,-11.0881,12.3742,6.41182,1]},"1":{"p":[1,0,0,0,0,1,0,0,0,0,1,0,0,0.815686,0,1]},"2":{"p":[1,0,0,0,0,1,0,0,0,0,1,0,0,0.815686,0,1]},"3":{"p":[1,0,0,0,0,1,0,0,0,0,1,0,0,0.815686,0,1]}}
{"0":{"p":[-0.374607,0,-0.927183,0,0,1,0,0,0.927183,0,-0.374607,0,-11.8691,11.522,6.08028,1]},"1":{"p":[1,0,0,0,0,1,0,0,0,0,1,0,0,0.815686,0,1]},"2":{"p":[1,0,0,0,0,1,0,0,0,0,1,0,0,0.815686,0,1]},"3":{"p":[1,0,0,0,0,1,0,0,0,0,1,0,0,0.815686,0,1]}}
